Accuracy: 0.6217349242179941

Confusion Matrix: 
[[  0   0   0   3   2   0  45   0   0   4   2   0   0   9  16   0]
 [  0   0   0   0  24   0  14   0   0   0  10   0   0  10  29   0]
 [  0   0   0   0  21   0   6   0   0   0  12   0   0   5   2   0]
 [  0   0   0   2  58   1   3   4   0   1   2   0   0   2  13   0]
 [  0   0   0   2 166   0   0   0   0   0   3   0   0   3   9   0]
 [  0   0   0   0   3  17  41   0   0   0  25   0   0   4  13   0]
 [  0   0   0   1  21   0  54   0   0   0   4   0   0   3  13   0]
 [  0   0   0   0  49   0   3  16   0   0   3   0   0   0   9   0]
 [  0   0   0   0   1   0  46   0  11   3   6   0   0   2   8   0]
 [  0   0   0   0   1   0   0   0   0 282 132   4   0  18  27   1]
 [  0   0   0   0   3   0   0   0   0   1 285   3   0   4   6   0]
 [  0   0   0   0   0   0   0   0   0   1  62 206   0   1   0   0]
 [  0   0   0   0   0   0   0   0   0   0  42   0  76   5  27   0]
 [  0   0   0   0   6   0   1   0   0   1  70   0   0 210  48   0]
 [  0   0   0   0   6   0   2   1   0   6  14   3   0   5 516   0]
 [  0   0   0   0   0   0   0   0   0   0  78   1   0   2  18  87]]

F1 Score: 
[0.         0.         0.         0.04255319 0.61029412 0.28099174
 0.34726688 0.31683168 0.25       0.7382199  0.5418251  0.84599589
 0.67256637 0.67851373 0.78959449 0.6350365 ]

